2655
-360194
411379
245784
-73735
-597819
-430114
765459
-318464
851613
-483844
854436
-901384
-941342
-484451
353492
919644
812513
484838
348618
869882
677721
-754705
455877
-533571
128137
-831636
682288
-622406
763060
-584473
-707331
-742951
589392
-958819
575649
-853220
-537820
-939507
-629855
420189
-44261
-248257
529675
-147343
672924
911766
-434083
-560432
822778
267672
-265201
-896928
296424
660732
114938
156251
673309
-213843
391516
367072
-431700
765022
189815
401399
504409
-898319
-858148
281985
-63472
25468
156340
-391743
-535663
534866
642545
172189
768947
-73831
-826606
-256682
-474592
-449732
304545
551538
381195
231430
-335702
640504
-581440
-593751
211424
84493
-144895
-105453
183504
444036
351446
729545
643608
2582
397416
-193343
438972
-875290
859377
-877029
-240244
624577
789619
332610
-97725
-195396
723738
-89162
-180476
818813
260943
849466
-456334
-352990
417144
-594208
-857219
130945
761589
-794200
747286
474484
-462648
15784
-242069
905068
569236
895504
559449
662781
-635054
-738561
400084
-729875
-430153
-863032
-23606
-707692
409258
-641531
-831241
955341
-682528
147099
873047
-108203
-954974
727636
182966
305479
375790
78902
-597831
321163
-353727
390084
680494
-523051
510481
-703867
541349
697777
-56532
-383565
-257477
10425
13433
513410
-305880
-770555
-875629
697663
-709496
420241
-484359
322007
-153482
657974
-563631
117090
-953705
490869
251066
705916
876637
484741
488960
-117686
-225978
641801
-406449
778265
-840381
-593703
-884201
-959228
-818967
925332
-974502
803248
-673177
-654726
-290366
563138
200321
838998
-338994
-295124
990217
-742735
-702051
-295324
-952198
-350081
-208389
594895
492968
580651
-540528
558178
944073
-330283
-177490
458395
592155
598576
895535
-811330
212774
306664
467906
893987
887158
-358238
511385
797348
330446
-940346
523812
-275315
-283051
-756195
-16338
-392204
-919292
-903951
-281379
132009
216899
-406237
239349
794774
-517918
-497817
906595
208071
-938468
762886
390941
-35209
-240927
-930778
-904593
-618160
-623451
-641070
414901
-381520
907498
-860657
-56468
364428
671787
982497
479726
-443479
-314905
274554
654817
-406420
930074
-709791
29619
-70279
-537433
-651489
-340980
980455
532774
577564
495339
602158
-873468
-847428
668187
-884883
730936
657593
-629535
-518019
-336132
169026
-985020
-52169
102030
535709
-161523
-152629
156552
164764
634396
-441584
-111782
715409
-341528
813748
658988
249337
158336
-260157
-210641
-726111
-406267
660418
-173489
-834172
-540810
-263672
-594534
-912157
-484955
387306
258802
294548
208660
722083
-560994
114194
-562112
832587
-75511
-749211
-678833
-387548
395500
490431
-938967
-386770
858078
-632131
-951018
-238226
422602
-654128
798804
290742
-957895
-909732
534353
-196701
-962732
-807957
971635
-405197
80211
-198569
-591645
628715
760061
760556
-704138
-843429
-302109
-566739
154450
-616861
-501019
167324
438491
-502268
-475743
939605
-135813
821166
-746899
182071
22619
-476499
-125335
-58136
87684
-567334
861276
702661
-836126
16044
733979
26069
164242
-307096
498691
871099
-324009
-388972
945857
-242471
-408397
275782
-648406
659538
-153096
520899
806470
843202
314509
-899292
114832
547122
33801
-337732
-501448
-421715
-602268
133088
724298
52274
-944094
-997597
566148
-424841
-172652
968164
-279894
-125035
-904490
793070
-233162
887761
-364428
593712
731206
-989205
-421717
983488
603672
277994
313691
304731
-534090
330387
-764724
-437963
531764
-167950
826257
-267700
-830469
153238
267459
-914798
-71564
-928082
-284990
-933521
-952911
82910
985976
338420
99632
-186142
912110
-402409
453718
861398
-158521
436234
-716072
870221
344817
-215159
477020
-760110
512714
-123274
-500052
-909787
795043
-777967
127985
-477456
613261
-465751
551790
514799
998817
997444
-566513
-966857
672186
345982
-645690
594587
621862
316037
176991
-229835
367319
-687252
402431
-309615
-886578
497674
23021
-699351
-308574
266821
-878322
957923
992684
-503475
-315217
669247
-770538
730647
336290
-117224
59989
353460
739325
897760
447657
23826
257183
-650731
-271093
-870713
718751
340077
-848065
57006
-755873
-856850
-473055
98359
455153
-613263
579887
-36645
-673538
466639
868180
975574
-297249
-459712
-193869
-196237
-542351
476519
-950708
-620634
-128758
-75063
737496
649451
134736
-974542
654889
452759
346832
-275590
807230
869272
-457655
50519
924240
-510381
-84492
447811
-177565
-357620
-620648
73141
169579
-273102
293860
-260085
-118456
653756
-865306
-918835
29598
-563824
725176
553173
840558
-376139
790071
481663
-870426
-505826
-876336
145922
-820568
-7395
568506
-321433
-821227
595305
-264037
978951
-470925
344471
979526
330560
439953
834670
-411568
404978
-405126
-388685
-91170
-425997
652786
-970147
-325068
196157
-274608
351064
150485
683835
-380804
-561856
391927
401094
559029
-723039
370981
660958
123989
-784816
518988
588754
-236922
108707
-296187
109789
-936931
-381739
-428433
422530
-973186
959769
248591
543305
-975444
484486
478482
-736596
539088
-373364
-218228
-909636
924198
-417379
-401833
-248598
913610
489642
701634
-737895
247462
-631360
-956594
-588397
743038
-498066
569620
-512131
-879218
703006
-413812
4803
-640750
724310
-406226
170444
-300151
-147257
-454866
734416
266571
-603779
153563
-601233
-434147
488780
-33505
-608471
714209
812775
-911873
-677118
-741357
-853491
755279
403546
-254579
-218297
-503918
-119158
-890345
135156
765326
634009
-380164
3209
-545993
114784
-813951
-562324
-504930
762368
123225
8701
-227887
416164
-855185
566407
-447568
-347337
-694785
-561167
-968068
339527
-936595
348777
955887
-109337
-773562
-726248
333843
794370
-238117
-433994
605824
-514731
-337009
-981468
-775147
-425693
-289350
-255476
581517
-531433
-788289
-685559
340346
-633090
-825589
269610
949008
-800070
-344588
-788884
-265366
629579
717792
-53654
591060
-897498
-741939
-388151
418415
980062
164077
53344
-730070
477826
-837596
832779
285459
-863696
-27948
-32489
74807
814722
-919390
776025
-353984
823593
-155631
-607869
389592
-87727
548628
-749803
550538
511171
-96891
3835
208006
-440608
857001
628919
110045
-316739
484611
-413118
521471
693364
-710665
-807028
-625623
-671011
-608834
213325
-993736
554055
-360821
-163643
687220
-378978
81481
-188148
68179
988718
-834766
273402
920546
313237
786826
600505
-94441
296872
-376738
163398
-342685
869155
122203
691746
122530
-686872
103633
761523
-158487
-34158
462112
55239
-218359
979918
-625284
741749
-330760
506489
87614
-141650
-404353
-724460
79483
-762259
150885
14082
-19174
-144087
-361570
-851489
-679218
-453672
353742
494431
742737
424591
-212648
693259
374339
275651
-101946
-254687
-548361
-707045
920577
183218
255825
153562
-911911
-865263
587146
561412
6797
-880889
774472
284561
-152484
-242393
-808404
201499
-826023
-496370
-569370
-236744
-403071
-529552
-427337
-709334
486305
-27072
224993
954084
749656
-553811
-766090
319326
329575
689628
248489
551242
-456768
-182216
250567
523317
399817
679783
-553983
-6393
754975
959262
474104
-483159
-802842
574654
-968061
798861
-527739
346599
-89982
637763
-80670
-652366
295258
480960
-679057
831829
777523
18104
-384856
216894
-243810
-638716
-234405
-669617
-608130
-995039
-364654
763840
886949
769875
-429394
398251
-16806
286444
239118
-410161
-667705
343907
-435007
977203
-968752
191292
665955
5707
-640686
-544994
-727823
386318
-666775
915792
822588
417760
-233609
315859
-617181
-161449
200742
527247
85150
146557
-602652
727316
-341742
172433
-226349
-887578
46995
-579889
922755
36444
9965
-279136
515748
714816
197264
-796861
906595
833928
30082
574998
-320185
383182
-159807
-946182
858483
-406707
452352
623399
-11318
729104
512499
-305591
939253
-825392
500476
-119064
787252
-803628
635923
-157766
-832391
-982629
185800
931000
116473
-656677
-788688
-160070
576465
334042
635289
-378730
981885
521594
-757347
688237
-162193
941545
-341156
-201316
-126715
-927943
-122325
-523009
-24220
633435
-892043
-211959
-76878
150598
-804528
276105
49429
721689
-576179
-399300
-35027
558251
892223
-516572
477355
749385
340481
-824507
-188732
569833
-338708
-830184
-244028
442957
792241
-525084
86294
119892
-866510
10172
35336
-732421
-113556
-295672
933450
831856
-367302
705761
270345
-299366
-194510
196604
941462
524033
112907
-64824
146583
974781
-159142
682035
542082
-638664
-869956
-433004
-151555
189746
23924
-397683
-384433
268716
730683
-902513
128212
672074
-621353
682492
-357257
488661
-657233
365436
377770
-63311
677627
-565086
683344
-900053
546902
-708823
-742267
-267637
995039
-101481
-937784
-39114
385172
877147
-682233
-998101
-551722
-658210
-848839
249969
231729
735040
-309113
286623
-698653
-804730
-917758
-402354
774047
-136039
-339901
622197
25116
-833240
935361
961993
530441
-123147
742581
668227
-559406
-222316
158108
-322703
-342818
-146337
674878
-25791
199107
528358
-135119
500238
958308
-896901
-959972
628103
-20454
171576
-337834
992676
967569
-25356
-22351
491701
-741032
420835
-257644
-288556
91973
478209
524251
-710476
971334
-771470
-301418
210998
689299
-319667
774102
735299
-235749
37640
865176
388892
641912
-113008
-877899
-455750
230719
962942
-610367
524379
753827
-310526
508842
-847263
-908716
94083
-56061
563109
405340
-995790
-839511
84747
813697
259759
217480
-395527
318888
-434791
-586420
295265
-728086
-559501
-793756
-396100
941383
879699
202324
-61178
787616
932927
-310581
-306006
-747298
-45967
-602471
364288
-397299
-425597
656876
626124
-37974
818842
331987
16915
-93090
-980865
-738386
-496413
-882968
-998057
525283
-306204
-210582
121379
-212443
-763582
-572712
-649251
630931
-477180
-411990
342125
-532398
126204
-479264
-166150
507027
-884860
77342
-397650
190266
-410283
-527461
-195343
-253126
27598
-759342
-69976
548544
-72514
-41328
564712
290990
132725
-889428
886215
-818596
-377158
154198
-43344
-566635
433400
486766
274588
-416528
-34856
-305794
985139
213865
277746
-544747
-761797
260867
991068
940984
-318861
-74012
-113682
-747415
-481328
-612025
517812
-828087
295323
-903348
392381
-876377
-727834
71707
-560533
-230270
351938
479231
-261072
813771
-140381
-757357
-440493
-21496
-432085
482822
-197378
-250286
863173
-627028
-352666
-706427
68873
608733
-957315
-682264
-824762
-842276
-144088
-712530
-720153
-363753
691304
-363935
659936
-46134
188042
-395998
601300
638085
-444099
978335
-848330
487613
305369
260932
-353194
582096
-176165
675696
-5755
725397
-148362
-431057
-967067
-897153
508914
-158867
537437
76074
-744309
833111
-236053
-654578
-448394
940515
-963380
627624
266249
69042
989010
265722
-593599
-140840
-602899
860050
793464
148067
-691287
-152405
35685
496743
147287
78179
-6463
422324
540953
691678
169972
84189
-386106
368039
-315986
586747
859391
107652
685097
907380
897077
-676235
382947
680628
990238
518444
238238
626987
-55568
-489720
217001
-889403
-544691
438049
-412919
196620
-973083
-58675
874044
-940960
-995565
890870
-851253
511953
-451876
784494
393124
712487
-236328
824252
234303
-251973
-765378
-551077
232454
757307
665769
457952
712946
11418
-602719
-212461
74885
-829408
380032
-447996
575106
610145
-887507
-614998
57541
833276
256757
3159
53890
424085
328114
-584794
298717
-494420
-638866
132000
768791
-992265
-666767
132171
-770080
282808
114141
-78234
-761659
-107356
-410475
674453
-445163
-112375
337514
390888
-233947
297747
25748
38340
224490
-446634
-771788
-934745
-678065
409141
-63143
937344
-699879
904626
-583700
-221204
-955323
309091
-695110
259574
-910825
720564
162718
-561701
-314072
513608
807139
406956
-756275
-713328
33493
-473526
-87902
-470870
-906127
307893
284102
-866494
90516
279596
-362566
-810715
-747739
-906674
799335
-960111
849531
-691561
-353069
-945847
-507309
-578155
-479239
-558268
-618683
727008
-78178
-235205
-592556
-473501
-835552
94252
-668951
508448
-978721
527493
298
799709
-828451
782413
-757034
934797
795265
780898
-786337
322041
836010
24890
-151619
-513474
-772678
277786
-915436
-437823
522480
-324062
-389414
-595154
183773
947393
896236
197425
-898992
319307
103318
-982077
-652487
-223056
-304227
-471135
-703107
-942614
-538809
98690
802720
-53844
-877260
639130
-827688
261274
547745
188205
925051
416134
-740716
-464882
-399700
299903
977665
866977
-838949
-528739
899748
-7563
865454
832869
749858
573898
42571
596270
882826
-485448
-745834
145705
-42806
127032
476531
-423429
-103116
-238283
272756
280989
565440
-553092
-884350
796101
-455970
681111
-369855
893879
-265915
-866796
888563
-94787
-8743
980586
-615502
-594930
476467
874801
-736325
-231290
634960
-160357
-341958
-221101
278934
-773385
376304
743497
840917
556835
38614
199727
507995
648967
-523120
-198299
755298
225871
124473
903298
-789952
-874128
724936
-993802
967714
980773
-483755
534548
-532193
-827679
-609901
50527
-263626
-637345
-323163
324345
263884
-222757
-922680
594047
-134476
-865538
18324
-57494
-406428
-114051
311324
-977770
87528
192660
265232
175381
671982
-269682
-338522
-18065
351859
-487895
597996
-394826
-129111
605549
-83030
341477
-388838
137334
-200950
463368
-345764
-148710
-652249
-580191
-45259
-312314
19260
-674366
968320
281981
-3326
719301
280978
26347
95115
-100962
-613026
-142465
-697731
-311591
-211573
388765
-136814
744414
228125
462355
840682
538549
-829070
-540490
-714511
91420
823034
436228
-12649
816505
-749451
517876
-321453
118932
-503408
961751
303337
529602
833795
651032
272591
-589284
-991838
114898
989563
-926299
286408
-817919
870118
125042
380393
-870713
382378
-63840
-414348
-100757
-582394
95062
-419391
-232588
410078
-874621
-155570
-758517
-475053
594935
-113160
746835
-757369
-916428
575513
-27974
701604
-960494
-153560
-793791
-140098
-984791
-52851
-40332
-643770
-382152
-419427
-667157
-659561
-742662
317001
-37661
-742655
755415
893869
799012
-646291
-499752
190150
-690408
-478934
-662884
-754126
267682
78630
-342247
-750954
469728
-536384
204421
-98076
122874
864527
-193499
486851
-680329
-879953
3757
729797
-705639
674196
92359
-680553
-619279
529047
610480
127278
-367998
-990810
-404115
766736
-852887
351475
-452457
170772
-674183
-14609
-756995
326510
344112
986966
-5391
-794217
826756
-518230
147855
541287
554501
-907940
-429097
-982477
469400
232961
610587
-688213
880363
338365
-791314
-603279
-958505
31656
732871
-780157
656368
443784
-959218
402158
-344878
340824
575207
-97662
617641
828226
-613307
-865125
-755402
-744363
-853346
-914912
579062
176461
-259211
896561
508765
851416
136384
436079
-557054
459941
211846
-798444
-838790
733295
401704
332870
-444552
-98410
-491234
-257399
-687838
981950
973806
536068
-510580
960484
888994
-860926
-412519
-273626
-766209
158619
112501
905633
286331
-302631
375478
-952256
-912740
214690
-810405
-970705
278009
544213
621835
859516
-987661
-518232
-555941
-57996
765612
917398
751256
782034
694112
-628805
-997479
270443
611973
-61132
-801077
-985646
-754622
761161
284411
-829855
-200061
28721
-399823
-598909
-452096
-815814
-971870
735458
-917911
-613675
417926
-3979
100232
-207953
95820
276045
-915007
-619607
-382086
-195609
-590260
2394
-354883
147654
868885
-72464
-115457
-523519
980718
67525
92359
893585
-609582
221159
116089
-858270
944494
742214
391225
893899
-34362
-415002
-624668
162236
33404
703379
-640540
686531
529019
-143350
427869
508542
534402
-446063
-829075
-506308
568296
243903
-634916
-988431
-286252
166296
516604
952844
-109304
-803261
4460
569386
265299
520696
-243734
-480937
454437
-359106
-25190
954196
280663
-642859
444607
531201
734234
69887
-682898
846910
346850
760241
-410715
440731
-174579
-725145
-689763
-641188
663880
-701352
-650584
-803224
817644
-328976
-450222
-486641
-222754
61253
675442
492116
568328
-174731
-617859
96986
-249273
569865
-904905
-276374
837303
-222455
-522695
489572
-361944
-350159
178391
-942479
721953
-626207
40579
-444031
829938
-974072
38618
-54162
-329306
-34415
-319127
66391
-785872
686837
26744
451068
899822
-797679
-60350
968870
-224973
-530827
419733
-19875
477224
-629983
176899
770313
-324792
-517351
-913256
588913
-664654
-840601
101145
-750260
309047
-329163
-675916
-587170
417671
188229
-798815
-109907
-995969
602307
993991
455323
983720
748981
800595
-572536
-180283
52437
530650
783192
853316
698589
-728395
900826
-65432
451345
-134902
479023
-197745
408537
-616492
-161812
-753219
-475429
-796941
407082
603591
774406
431471
11201
-938968
-225603
906250
-644022
613329
-111026
274903
400211
-752642
807028
-667707
-829540
-502204
-352178
914705
496418
-147874
841447
664223
-148963
-796334
-794589
-498897
-626674
5300
698710
374076
699524
684678
-587784
-675756
-640680
-176593
661663
-332591
-41896
-363343
-287412
-7239
-690165
383506
693204
-513178
416171
-394907
-415177
-351010
39079
721530
-543131
366387
597262
669493
504717
-961588
716450
-158992
-834313
652331
-338610
232799
-529131
941436
454525
458732
145090
-122406
57636
-527419
-197601
-779145
-635096
808966
757916
257651
-994533
868889
724708
-550823
-943148
-540206
731258
-524848
-762697
141297
722196
-850569
-463418
-876793
-482241
845787
-601571
-395673
-803836
-121596
-743900
-241065
-650781
-161587
-931949
-209125
487383
-571636
622550
-811456
713373
-596287
-577992
-91602
84226
669081
621814
133109
487016
-195404
626143
252352
567877
-290960
479165
-900662
-468095
451177
274280
-670320
109991
14245
534636
149768
-225848
-829509
828512
920473
409616
829406
-698545
175407
471010
-202436
-657757
-249829
-513271
-170452
-151563
-398496
-405403
-397999
-50198
-635785
-682559
44292
-746581
-796954
586307
21747
-54812
-880724
-343301
184822
-114577
817814
587149
-418118
-516704
662784
-890800
-363674
-366539
-403373
812866
667293
-799537
576020
264857
385727
-735993
190842
-312525
-544323
385894
-767147
127330
-905064
-655237
-511635
692740
-84764
-339200
647568
174947
-818613
684955
82758
-548201
-380067
-42724
506834
-207646
612509
236265
246903
-661010
-461303
647271
90848
-464187
109793
-147250
-788123
-863846
734186
-651188
-200895
-324330
355353
290024
38320
-727176
-802862
326476
-93011
-821952
556083
695019
197496
117363
668824
-691371
980245
-383231
464242
101643
-109382
-129051
226779
-676631
-816434
-918171
-938731
735418
570783
438213
-276219
365124
455810
573352
174497
-338569
196336
501659
720752
755387
86778
688980
936962
671438
-28025
-143987
-395767
617470
598005
922214
-917767
-684474
214116
932030
90120
713058
46289
-229655
654146
753358
-514987
-756229
551612
-630716
830586
-687313
-490803
-820056
-191261
-171293
286552
-821042
629607
-343806
-318933
129410
-405183
-406687
-966117
353697
-82488
-764878
45662
10640
-894402
895994
-744650
737768
-484678
70617
890936
-964464
288842
113949
627200
-298659
178315
304779
373426
274824
984248
-585688
924817
-48489
207588
482241
-611971
401906
-891793
-285603
705319
-245636
-870935
40933
950481
254501
68960
310164
-951535
-440402
-489546
767759
181935
-721830
-854012
673446
273943
502812
-400435
732923
680163
-649260
737258
583542
-559673
-182069
-162686
-998139
274694
-726110
89319
381006
-49097
-70488
-815280
30497
231715
-449745
-468629
-59328
-437644
979614
-614956
-695532
-38194
838684
993600
-653195
-515394
587650
-346528
-690116
-223962
692254
-654794
534233
-624973
593360
-788569
695570
-936305
-918935
233541
-816118
-681421
35252
692852
-53277
-928601
462567
686670
252808
-320440
259409
-933604
-669624
-957206
679087
-753835
675411
195087
238320
-507875
-946833
-25886
-760006
621135
-992866
148537
121532
-187644
-393188
134790
34644
626231
784625
283285
-226415
283671
-352650
-821684
-576657
5381
-704497
-226946
-215815
-874859
205299
50762
-494265
-209051
397175
929777
539344
992271
-431041
-741451
-831074
253231
198869
-781693
-301196
933887
-65821
-18834
843811
429977
236331
-24562
66476
557402
-952749
-345081
103317
-503465
-109926
-580268
-4514
499342
-810458
-460801
548191
11892
716220
-443367
-565832
-234683
543475
124766
-356320
-350044
-999932
686170
-298535
-708318
766569
935406
-506144
-33548
59909
484746
839429
-598728
39108
-71549
-118307
105754
332200
302368
-573375
312424
-664834
536647
-433232
-100887
-925220
745163
-661710
747095
406823
600386
-984841
-279774
-702971
-944998
-657896
471230
-104482
-528356
-330455
-171417
-265077
-227247
-774190
200568
-315279
-893203
432663
-523229
644297
-955090
300347
-135223
322765
609580
-920229
-147139
824651
762812
300959
-667681
608692
-252183
110547
-345684
688822
21385
809117
-662555
-514634
-991780
72937
467473
-532173
802189
-337889
-663302
-436276
533180
-155185
848723
215912
-154746
504668
783283
-77058
876532
-429499
516153
-303428
-814079
-891132
-759716
-940333
93561
969933
-374311
-726413
385047
822877
-147884
-150238
617403
-954136
824694
-907914
347653
481298
993463
444397
103931
175445
-117559
-984225
405235
938839
-309565
-695117
-799935
100365
900090
-871573
884531
486755
548357
-724169
522196
984907
-772026
895976
982611
-407057
198022
-954669
253430
-937399
-67284
801359
-939046
229946
-435686
603066
-368268
202252
-920472
715442
112963
106755
378679
457254
-93715
-504721
315832
639985
-907464
-819319
-955543
-805138
-374282
232070
-939779
248807
-709206
636659
-182145
-552216
789901
104438
174575
-201454
-551822
-2312
616241
196341
-624872
969663
752569
-154391
911970
894844
-421338
-794041
237622
-212578
-492919
-35619
-495488
367998
-581138
595754
-876604
997846
967927
202639
74143
-100541
571145
-403550
-739009
996052
-844591
-932086
-566234
790684
-413254
95759
416960
-125304
-992502
500568
-153359
-887961
-548306
-449641
736257
506928
-337712
-415071
-935474
518056
141278
761409
-225082
-597475
-291121
305703
-835184
-431138
-381341
-989853
849274
-102228
-402754
53601
538577
870784
487645
748391
-153296
369196
-164935
932236
271214
52417
-989325
159297
-396289
548244
-384966
492869
364244
-444786
-7426
-217198
290280
709996
-21971
-378744
-86513
538454
-147129
-106138
16877
289741
273351
-738466
-232895
152031
-391817
-100876
415621
671784
-244171
582165
-815384
221260
564139
-31927
-611099
478673
536998
-536985
245518
108
900286
473805
-190541
-717326
864856
691577
261117
-647157
-285630
-396652
536418
917858
-844282
-289848
-469980
-209126
424978
-825845
-533357
-895120
-88808
-377270
656179
689806
-509031
-448999
-436058
-447746
713380
123048
-553130
532925
164391
758367
746348
891993
453770
130375
-417011
-241968
-121856
-918033
-702655
-762191
-705635
691085
781206
150069
316234
298274
-372578
884166
650854
-80410
-116581
-620106
-774525
510486
515788
-560060
458374
-141630
187732
555491
470779
454683
176137
-5354
794800
-105332
-398397
-327249
252708
561884
-576602
-662569
210224
-38942
833084
186032
325357
-949181
227864
-865979
29168
-984633
533164
-590240
54501
913092
732026
-681133
52378
425522
165887
275390
514122
101484
447919
115847
-972571
685108
-521143
506726
-998983
46731
134107
-869991
-447123
50612
-119105
661091
-542493
76501
604835
953163
106062
871410
-363046
367110
-959994
623365
-196176
-874288
373211
-1666
-814089
-444982
148993
-595728
-533416
204992
-981926
352730
-821241
95121
951355
456290
410690
-721183
883522
539261
-804334
442511
28058
824767
100234
-225644
-504945
184922
463767
103124
-383979
376471
855883
408639
-875067
72743
18504
-701589
352579
-817200
-772374
615779
-347855
388892
892935
-582830
294354
823119
18375
212218
84838
-507952
162146
-171816
68778
717823
-874780
-197491
57938
24581
528976
75419
-626955
-667957
-172920
779130
854652
169753
875947
824532
902102
61724
600766
-994080
246425
-384035
977626
-697395
719457
-512791
171247
-773443
-6041
-177140
590755
-26202
-960309
316024
120998
263009
70053
885665
-281326
29531
-77342
-845729
422712
498307
791337
-635806
-872496
-22246
-600397
72817
221762
582058
718492
280948
490331
827092
-689335
961551
380970
-487716
936341
-468775
-396459
297970
250457
-157033
-88751
-475818
179588
175556
798575
321569
-934078
602441
-923158
511585
525210
395911
-502272
99169
799714
-91517
681492
-892483
-26233
-413034
-62178
-906599
584072
-694238
-5162
792094
691781
-233482
846509
324354
-41877
159956
-457703
-335860
406178
280858
697877
96722
897298
23815
252465
-352612
33015
-589780
668856
581968
-384502
-963114
956750
-674199
644323
-727534
591557
642210
251665
-340959
-747920
579853
130512
-264644
362651
-677501
-757164
-721063
250067
-958102
-842200
-119150
-765617
55140
-392074
-431261
716597
25873
309531
-12664
307968
128314
-515712
124990
-829063
641193
167507
914119
-119176
896820
174606
-606480
-215226
-686846
-578538
720148
527056
336689
823067
507972
-380517
-836532
642658
-686337
256090
-481826
-823463
597045
63732
-475945
-918714
544318
578844
-991236
-258192
-8923
673075
563145
862811
249740
91671
845920
88739
-252719
-553512
207882
839414
667153
599090
111891
-555148
-75302
-939515
-19933
-433643
680193
468283
975168
618796
299849
-787884
-347351
765451
449343
432075
-876772
257207
992601
-820293
127287
-519665
262777
-660243
-643935
-500827
867683
-706221
-534017
204435
546863
-825058
-688069
-57764
-36060
906768
132594
-442150
283708
260958
-723914
-961939
-834710
409677
-950270
-267301
974510
662094
-180661
-391662
-52888
927687
758839
-101010
653078
-231305
-957623
372877
-139906
698548
-979208
776375
-883267
-788747
274835
-192082
-659900
-52885
424779
325328
-142839
-977684
814323
-284082
223754
-759221
814497
615879
940414
-817114
-333151
940086
-977617
-514706
-209438
719243
957068
-100618
242964
752721
-723214
340528
-236436
991913
-377637
914684
-606913
-923445
-766378
843349
983449
42945
366860
-824577
-775054
-260959
502615
-845116
158285
400781
389971
814392
292165
668787
-484310
-971077
858794
568890
852224
-85714
626168
-827560
588206
-184320
-417534
-524228
835858
-856296
-784301
-356218
-171097
269438
373545
883886
815218
-268655
8984
-462069
720359
-391244
785528
-396061
329409
-317276
-563638
-308899
-359541
-951332
129019
-735873
-602588
657059
389633
-556413
-277933
-499370
-810919
295266
176343
761528
368884
-571725
-132914
430979
862786
558747
-595777
321788
-924147
-732431
-303499
-387707
277801
599127
942680
-232213
280651
55253
-257490
-14258
-764206
745515
256392
338197
-787229
593709
839343
-502107
857482
-487488
-335851
261716
673297
-962837
-326686
822297
229182
855048
-741811
-592713
859002
903628
570771
-878229
-624747
563916
-218658
-582660
-189340
533880
366360
-197949
-120798
674571
-179106
-887394
-304835
-383401
-19063
473919
-220510
-489735
-514499
688822
573996
-631081
-129352
-262106
237671
-278472
-121715
384514
701261
-773395
799531
920449
-204771
802497
837428
733081
730915
547489
1452
170551
-883737
862512
553419
485104
-177783
-693027
30795
98928
218891
-502597
870371
605631
364878
747928
211578
-167521
-622745
126242
-108432
-827554
-903995
-329611
-380341
-380747
665852
178666
972116
404549
-923921
442374
-201018
-248983
911987
-901711
48932
710911
-186771
-108764
-942521
613957
282572
863001
-756415
233854
-651613
-791486
352916
-757896
384287
-145596
-644546
899944
817936
549988
909827
692771
685664
-57660
-14200
409379
-465793
-429303
447721
-213039
160523
-474516
-899634
296087
-94885
-452804
267236
-339291
615593
-900104
640295
331635
81552
655614
439022
-950289
951698
252073
354628
206877
-835390
88809
-707312
490966
-781283
-524318
651541
418411
753456
121570
-778651
79562
-774274
584251
-650675
262131
328697
-799695
-626476
776334
216821
700143
-127058
-424044
655196
-852171
-798430
53271
-835675
-542457
-791656
957356
75868
-201760
169459
507378
-475411
-799810
572574
596032
-728166
654942
-655833
27091
342429
93171
476071
-693788
19809
513268
982431
-519172
-79134
498461
973048
435479
-863834
752425
-609632
-466620
-308343
592019
-62036
-522461
310219
939859
-174271
516571
-38756
-768974
397989
-948580
-161835
-369978
-418547
-393127
-384623
-504168
467022
-405155
-387849
983972
-992957
578220
722753
382091
-904954
-96738
870055
-281842
-571362
-136039
313067
-206448
-264296
96282
-317885
-652546
671028
44226
900672
-283328
-522400
569147
-640439
329031
18857
-985292
-335810
98391
-355685
-842466
356974
672826
749452
130857
-716681
254788
29572
685396
295061
-972576
-318221
-323643
95902
64031
-728734
813892
552687
362743
-485654
-205141
-495185
-936874
-917307
9640
-726959
224158
415938
-848291
759830
996123
-961074
204947
-637826
-894603
69648
261327
-981240
760724
805389
619390
-846658
-13312
2080
-492431
-339954
-630292
-3538
317598
338446
222373
921933
-922976
649974
798455
128724
848449
319063
576075
810941
926530
-429648
-139341
802105
536457
-856641
-585927
-42775
672194
997217
-245223
426687
555194
-51423
511162
966061
827688
-654412
-422257
-480961
-644726
717500
-29894
384283
480663
-59285
569967
-9433
-742520
-264412
-918384
758800
-737456
219306
-262843
945040
-291516
880405
107557
112269
326920
244657
907487
731528
874055
-667855
837706
-179262
-222113
209798
440587
658515
-735368
-112084
-597382
877947
-266416
651267
110998
-646480
-132113
224276
842421
-522129
266212
760095
-129192
249479
-360891
30726
906887
482378
900633
-981470
870052
3965
378030
-443729
-289310
121053
-225317
-374879
197090
-484808
976472
-388870
-165968
348679
-469616
-63175
-855293
-943894
793295
-533507
460413
-58849
625921
-803513
775897
-999542
500532
-731583
29511
-258543
-249971
-103251
888907
-630583
651950
-737675
-490978
379497
824440
250535
337299
-359275
-428640
-367594
887452
-3512
-991955
-639757
-225739
939544
575595
635486
294137
-175760
-793055
-826339
-904110
562530
-406825
-709888
61087
-997450
-100238
-630274
-756427
-224765
259220
-250836
995260
-712902
-133053
628475
-975378
524691
-236886
482235
620207
860131
-741399
-368700
-648935
520669
-676632
-88366
-452165
976521
-663162
-521122
753052
-884665
723157
570204
-921491
-979155
-659189
-923093
-502066
-598703
-877453
933010
756291
693369
-28411
-576147
-493909
-848161
347940
327854
322027
-624985
-681043
-479811
907994
-782758
-260333
-110951
516722
798638
20936
-954929
655736
-6992
640865
-394393
116380
936618
-8713
-703629
772752
645758
210474
-807746
-862757
-348419
85892
-530496
-860093
916171
79367
857292
-598220
1777
-299568
905399
172886
-143102
719525
194890
-871584
-194485
-508391
-219076
618524
415561
327668
922129
-939256
634050
-174673
21601
-645186
-886060
796581
729055
-577078
871093
-53137
-277146
904353
-171002
-460843
173308
-590250
-804093
507036
93483
-93509
155209
448850
641949
166969
-192265
65330
-525144
-884232
-595782
-28617
904576
-624291
-685979
-725775
-751012
451161
42172
629775
-112598
111534
-479292
345376
-17521
273754
510412
-924956
202742
-759837
-506497
727044
147490
-626704
-107889
992420
302791
11168
646805
890033
-525695
-940590
-841388
-293002
-240838
-286544
-447532
261541
-808263
412744
-881059
630738
-573944
785845
-12480
830477
419427
134728
69254
263289
607286
789290
538302
-968059
318952
245151
581859
251625
-708544
-418922
653997
483280
816059
-985920
-628533
594678
-253090
572833
-800568
-305909
393738
-384915
598958
437294
994727
-537728
870406
-815462
-935564
-985653
775093
-18362
916248
-588181
917558
717362
-204591
641273
193255
-939731
349767
419878
-770541
689137
-150278
-457539
-789884
-82464
29454
303445
-111266
-238123
313144
125199
92694
64086
-945639
-236392
-23494
297600
322023
-962838
-413728
-65774
101970
-283568
292389
408253
-190203
-819036
762126
-636756
990488
-824305
749505
-47878
-900876
101686
537776
891186
-262303
-285024
935422
425331
268650
-887898
415315
-278741
195191
852428
-603349
-611135
-936241
-428583
267852
285559
-884279
169642
798904
-755821
398128
868240
-760593
862244
295831
-514588
283970
-363376
272453
-894820
-384166
-760454
376340
-607180
-326110
-137399
549145
153031
961086
296558
-559396
912475
-38860
-508657
632969
-433168
197183
-475352
-569041
707437
-818443
-329484
-963753
-164690
277292
-375360
752136
-651213
-60562
293662
-617182
467413
607696
378775
602737
474256
113967
677274
338650
-336465
-43764
-767912
800107
-628921
427187
-347327
-998831
226327
-569579
-417150
-610738
-191370
-242150
551531
86148
-619428
852985
-483060
522977
990003
-181480
-713811
979434
875683
442580
-233568
-193886
391990
-558675
383489
906942
423545
-85790
-665507
929020
-33381
963498
-607960
3596
406259
395311
266129
983774
144570
-20917
-980916
-573564
-69354
741406
-663167
-720821
186743
-752919
-702663
-619412
-289134
809028
162391
382569
606738
-436239
93609
-115673
-533644
905415
236571
937437
923719
-335294
212921
531830
-999150
817157
411912
306670
-395587
487074
614574
-280770
71022
-432157
-876758
877166
-978521
-300269
709933
310127
453440
-941775
-207025
805508
-980502
-625760
-409462
174229
-346810
-418958
-839914
791396
783762
552111
364124
-597039
-563419
840681
-970590
835546
125960
437850
-221732
-241771
-605823
748145
-937004
-805509
-176131
-882829
344827
-902713
647557
511075
-672500
-434138
81487
478817
612868
-507240
931804
799051
719400
827430
-103908
122416
813480
-214122
757356
-366183
-511113
871844
-956793
191977
452075
955124
-503925
52359
-911153
-453822
374965
-52034
-823120
706125
754091
45696
-413998
998757
-468630
350184
-251207
714435
718222
651595
-664839
-193148
889374
-571052
-644048
916915
843391
64828
-713598
-287390
-933112
-31525
547147
715144
-281095
441692
542713
996806
-805123
-9636
760760
-940394
-368504
724680
-921263
632583
322540
-57768
-977971
710849
-101556
231176
-945774
-185002
585369
267989
384454
1516
-136726
-695377
651458
416173
-801756
618491
143160
-353672
270783
-59963
883273
-813583
-285665
739202
120142
-557734
142531
-627496
-651777
-887239
-728029
-528282
-240803
-871803
112359
-345053
52131
152520
-602441
240251
631925
-178760
491039
-235674
-127744
-504984
567722
-363806
695428
275241
839858
-896574
165518
-108812
496169
-199667
-189903
-191240
-476601
-769619
-312002
329112
-701221
-157200
-391599
17510
527148
748078
-69634
-946612
705580
-236752
532721
141895
-476155
-734442
-345723
-323480
549205
-638272
-349310
925859
829836
384376
154810
251321
976817
235657
666026
-600088
210981
-631352
637357
331399
911353
213759
-652390
-281301
-416910
79210
-417805
-983909
-376529
113014
45685
-296609
-994491
-961063
-411983
891399
444873
-252053
932071
198930
-744553
-127193
-567627
-323235
-266881
-664202
411662
438330
306408
411899
699412
-280266
-878055
-158275
528043
913253
-27192
-221532
279800
-970807
-800447
614434
-214510
26934
-164261
-219062
302958
-534454
758764
-642383
-674160
-534195
592108
521069
-944005
-586242
724642
948486
756653
808474
277181
148395
-264652
539835
678537
-504880
-985114
296539
16426
-824895
-950264
-435959
-496244
-545153
548528
-832721
-617968
-199492
-590935
635784
850454
-646782
566008
-258612
-196026
149699
-607804
463744
862749
-767691
-457111
45295
-23275
764817
-185919
-826831
-322081
537875
833923
-644957
51912
-822114
-977753
-647195
-409237
-640421
24870
443793
380768
235724
-773775
-413628
-906189
-886633
913107
-278519
-911042
807857
702875
-16776
673057
121826
-686949
-956046
621505
-846444
-525210
-732801
-606460
-350634
825624
-577883
759944
629222
269710
685917
-602940
-266881
575805
845495
-943404
-499129
-903308
445088
-434417
54309
-676129
-582608
-267288
266755
620497
-861125
-720004
-418951
413795
-727735
-955398
832293
-398979
-834404
601004
698786
322448
-695234
-509363
503498
5884
-125837
961086
724420
21396
-502146
-41910
377691
740097
-827287
713798
-806001
248167
26229
76189
-352445
799956
-174542
930656
825436
42954
249831
744595
98569
-639833
140147
-672553
-705467
-755659
-797903
-398098
-582576
192944
665197
-88605
736771
845075
-529768
-201318
-62432
-508497
660103
-570878
35268
456227
-162985
-217385
-6471
533141
-68075
173728
-801293
796765
-213391
569273
-828820
862888
-160957
200430
421069
666410
-92064
294619
744724
159154
140150
975942
-178528
360388
-535486
-801931
-278167
969846
822025
562333
-945609
360204
-999276
658559
462542
-258495
-613172
715137
466541
-300401
-597303
602879
260330
-479195
969416
-224320
-322919
-39979
200361
-19526
39583
-384280
-229809
749970
-710807
641505
60061
577349
174641
235716
-86759
-637697
629533
714355
-32922
51403
-611574
-813946
-124726
-260889
-998916
402913
-485818
-808657
-523061
-971706
675398
-418031
184059
-742832
-459328
-311974
-157400
-422673
999006
-668265
353723
33146
-145576
476823
-578436
756882
605364
839922
162770
245154
380617
-910530
-48828
-476300
-95655
920327
-614127
906788
-147518
-801568
-84850
-462389
141017
-1349
-102783
788463
555194
-756460
-380537
968806
414696
202385
565785
162855
-849241
-399043
-286455
23134
304398
327448
-350688
-476351
239807
-630986
45493
-599599
96177
-130314
304032
-940119
-129571
-46376
-8748
-535651
-770290
-82171
36762
-385329
-188587
827291
378287
-910448
298352
-603801
169307
935731
-683947
256261
-982332
-377155
-256415
-134090
-646744
136032
-254877
-977388
-73244
444927
-325291
822610
888039
759956
-808057
101887
909591
-494375
744537
-33386
989220
-276344
594549
-579178
118524
-748705
248683
-602203
-404649
637244
-231677
-288682
459814
24223
-729867
723935
-643969
-65818
-528898
-699577
-946942
303837
939740
-942555
917347
-305925
-545273
-831686
528296
129265
-87761
806603
191550
305295
-632664
479180
-946995
-631943
-371774
694352
174769
-906071
138806
-888482
333910
502296
188531
-674662
-643698
-186984
602810
-869325
-295623
-788168
-569677
-850078
-454906
657947
-504645
-4171
187424
-105692
-591361
524754
314403
326375
451269
410940
817949
418489
998210
-441221
760407
273503
97018
-720471
439087
-187892
-355878
-198611
-949961
301083
22313
-366500
862561
-697826
-874036
191197
-783343
-667555
-605125
-102305
781825
731447
-181509
-52830
-819169
-559744
-453101
-808039
791828
-795529
483406
68300
616643
75795
819474
291447
838009
291687
-995328
817710
-985032
-634398
-2628
-222930
-897887
-370688
-876894
748446
251228
65042
351005
-452548
-150937
-192191
975060
5143
-324934
71201
698451
415196
739210
-599420
252482
663940
759194
-500579
-761107
-276092
10087
192162
-742685
-436950
657737
-265009
-761493
971515
-966855
258257
341251
-403526
390950
-787078
-815940
683073
-58842
-669724
-559644
-358905
771042
-926889
123221
604925
871554
643569
-694859
-349132
-801306
-925010
-649171
-64268
493078
721711
332896
-544973
299583
-169089
398709
640785
-888040
624832
417792
412026
827542
386595
210497
-395727
-535542
886615
-458535
-457399
-102076
764700
961826
103925
-810345
980652
-253304
-511160
-344366
-20488
-260005
847491
-188202
-997667
101319
-601024
-66005
-838160
646208
182933
-840063
814571
956159
-218958
942910
814082
197111
-615428
-432740
726236
53076
673221
-360207
-127860
759406
-637351
321121
121160
688619
-948469
88675
-436661
407500
95871
-93452
-569468
-477671
-202697
645294
-615747
666190
51919
-693299
-360294
-757776
389058
-904128
-806349
574731
-244470
153739
-299987
-461615
458216
-732238
-202971
-853282
712207
-982486
-517295
850997
-789199
-648108
-847202
-764018
379035
-725656
633760
-972119
-999769
-863627
-951552
-711465
-394786
775077
604218
-644422
50427
874265
810992
76597
935231
255552
227798
912621
-259942
351019
-551071
859087
17546
503800
759599
-589677
928005
735379
-747304
-571673
500448
-658003
582676
-893006
684657
390288
111788
768101
-751688
-992806
-519594
565937
540861
-37413
568146
-801234
-263540
-495052
-29770
-453376
-684243
-881481
-492041
210408
537301
519654
-658177
727954
-132004
-753028
-184549
-30398
420100
-437865
-672924
787477
757473
682253
-679926
-399722
-814849
-519344
184669
890178
9102
420707
113553
-301963
106698
-849093
-934555
-826539
-555956
-75126
-672709
387564
-678226
608197
346246
-960198
81815
584921
-733197
97715
291018
-2448
-881584
-650447
-414955
-685544
787897
735332
921533
-965863
985086
-921888
-304314
-39413
-628931
-370554
-503175
182307
701012
-647903
288792
477630
916770
-552265
-940211
-366083
945060
275672
-313533
904378
996449
-702632
-842682
-974986
781920
-237096
400570
-15250
79322
73565
-655689
-311065
-852349
-266107
-382073
-402298
437704
-328222
-593254
794045
350197
-80931
-279696
-520499
-637946
-700322
267565
-392340
369087
-579997
-737132
-798042
-393138
426949
525613
-678323
942918
-508679
881297
-191681
918782
908914
-22629
-590501
-216471
-374906
448463
-979173
679863
294270
52619
-493458
231948
789969
144044
-953540
102244
-582827
-646011
-497658
225860
610957
-237892
-71058
-206324
158041
325912
-231400
950386
-836835
9312
527716
793625
-196056
162007
7712
981501
15956
510849
643891
331204
-451770
816052
-382355
-93357
-904954
-293084
-756651
296849
-224459
706189
851705
-34154
835836
-964865
309680
452160
991390
-894918
-746476
-531519
5987
-983280
826121
137929
-516590
110783
796221
-445614
-993893
18930
289860
-925440
682539
57867
-579815
-599612
30775
-480444
-842513
-912469
403510
682204
423953
623879
-765269
-775426
-325518
-93478
235618
995502
-166716
-423977
-708290
237727
779442
-537454
604311
-197631
-79206
-757789
387666
-833571
944291
-200622
-245178
456441
473237
625216
697393
780366
-582064
-123029
-468830
392012
714836
-763920
910945
-23861
-954002
556295
-72332
-254840
-26010
853142
-892446
446470
851882
82100
248523
789800
520987
41966
-115799
387153
243276
794868
-529600
-242123
-434260
697822
-341858
-763015
981336
-253447
770278
-925411
-667693
418918
732432
-151981
-510184
-220290
-749125
168182
-158057
-879113
-783634
-281214
-2984
327478
-457655
305586
866165
-440848
460737
482880
863763
929685
-299462
-396478
213588
-708517
223891
518853
-76585
-462803
-716532
316880
286329
-552193
-381858
-682499
-580614
-626872
360236
914882
959949
-777091
-941429
876293
998438
-992482
-253204
-324298
759473
-8094
683861
316095
190947
-824872
-81919
-712582
251878
-592318
-923737
-148932
-392922
504860
-842050
264697
-408036
-999230
-84174
817876
-759903
578419
428935
885441
234292
-246498
-137848
564406
78238
-154164
-837679
-189671
447067
759749
483336
-977793
-344960
353741
621670
-120859
214540
630922
-799232
214115
893638
234278
964937
-394711
-964927
497674
-738614
107980
641510
-411583
264628
371280
-423803
265253
-19983
-767191
815905
-892063
782077
827043
779577
-647893
-544533
-437717
789191
154227
-222345
-253821
-711916
-419520
-428928
-986788
-260711
858435
897270
-102958
-811813
157161
389797
609911
417084
-325121
711216
-147719
-642840
-122352
-286754
-751644
125264
-410220
672661
300340
-356566
291024
-184413
477692
911702
139908
-150611
-847080
26970
498050
-180290
-713823
-718576
-117495
190439
891213
-712986
-81285
572957
305301
634411
-992321
-408926
862224
-317498
16684
-352671
-497588
946815
-651120
528642
-278292
438209
506265
-486708
-100984
-834176
82775
-525221
275563
-614455
-765310
-61502
742886
-201869
348671
541030
555471
817636
-650150
606948
-619853
-955119
-613427
512839
691946
866398
622976
905477
-110979
-750650
203682
772151
-34234
-628054
154935
161025
514178
188220
-714500
-396757
415422
-289504
-131308
125571
-313567
-217601
132395
39241
-553816
-827909
956658
-646580
-54342
118728
369855
927352
-478216
692116
942234
-535377
-363044
-195695
-391899
-398952
654868
-667192
-496736
-140112
69752
-10278
148576
-948455
732992
846497
493296
-665646
486052
412260
267103
710157
488435
975961
889637
71621
626332
634774
-555853
433862
299750
740694
-699341
-671719
-88260
848672
513580
-104515
91061
513612
234333
778458
-775556
819919
393081
855255
-342161
-158885
-445922
-637397
-135169
-633140
-851056
895341
-31180
807645
-323483
-145128
-815711
717923
800470
185171
-631412
773434
-793230
-223755
-374565
-428767
811795
817184
420502
-9558
-644646
615101
-270336
-265689
265087
485985
65106
-267174
741441
-350378
477530
-765530
618170
-341605
557975
-575883
201535
-385642
-821080
-164360
-933972
857046
294899
-28545
712996
812313
-106909
-156526
-304747
29167
992741
43284
669023
-72944
844522
-515337
135244
-336600
736651
157761
-849220
-544678
185886
-630187
-607115
-229781
-933598
-988951
-227930
948288
-187470
246649
-753633
899791
175749
572444
-339160
-210902
11332
57724
474246
-582794
-870860
917294
160789
623490
935339
935322
756714
-1263
-577540
398999
-207153
459869
-944297
795065
-190172
-10922
851044
-512714
967653
-731838
-862251
-116346
622216
-535502
-346536
545765
535614
375207
-803238
353494
-570398
-309158
-64212
-397447
-659983
-996349
-331437
967183
-522094
-831650
-997027
-283591
-999339
5485
902121
-775524
551733
475131
786350
-486307
-567024
883936
713398
855018
975750
823972
-113136
187680
-159946
-259143
-600569
-6124
-213706
149591
-196908
120666
160987
-696239
649117
908146
225615
755066
888030
109507
59177
391437
407534
871897
331421
-822030
-900968
71850
189126
-192438
-952944
-957317
91869
-307265
280364
-727378
941852
-304575
-487873
-571012
290990
-136445
740260
-159382
-890396
370314
904962
-500357
68855
752857
489663
-687431
-936986
365752
513958
-544190
428087
-964940
932350
-480522
-139852
-827687
-445950
64698
657299
943812
-155509
629350
40983
119400
310385
-275485
-759171
-903014
-124797
-778057
-927033
-857335
-797652
175504
-311246
51182
-514213
711071
-559333
180325
-388441
981053
558407
-108006
-206287
456340
-159968
-824375
929111
952210
-159033
884227
-926955
-3018
-518276
-347426
829298
-810452
984276
-950913
909757
-520891
-848710
922664
-13385
125293
926606
434772
-449589
-738343
-921191
-151497
-351079
-641754
-806607
-509203
228979
654678
562652
948446
264699
-46665
237026
36119
60945
-701107
-702049
300441
-954406
995850
499870
-281498
223203
272282
501784
887297
-920088
676125
-643478
869709
-740308
808547
-465147
-580202
-96557
837998
-315567
204385
116788
-771549
-976816
763882
170047
728153
154279
899468
-421113
-843566
701867
2845
898138
-2898
-395536
-989334
-457286
967413
-467896
458618
-817213
-827946
-265747
440591
-802832
-700348
793560
-700711
452912
-554193
755999
886683
-736202
202852
-352098
-654754
900843
-177793
309282
886620
-985503
631348
-636512
48256
135281
298179
-219729
460290
-650936
-303212
-774411
633336
458043
-796015
-57523
741981
-356117
-457242
551954
24016
96498
-222998
-169670
-858414
-118040
-491005
-167672
-774650
478744
-738
699395
153605
861614
-236362
487661
-367239
73732
-801027
769173
-893194
-291599
-81183
-733937
-559958
548567
-334439
-196907
-692731
893589
-553861
792522
975108
772917
871816
-754522
799802
-335757
781315
-248579
-956273
360438
338133
-739334
873238
14526
33014
-354407
-499467
242293
-200146
313031
605833
461856
-144621
-579628
804654
-686386
-255920
-323186
832587
-329996
-454638
-520533
394267
174348
-671331
855457
-167074
525656
71322
-982685
239064
-677312
-142523
-686892
383322
-491884
-862049
-333982
277397
954669
974256
-94709
-971128
-412801
720767
-621356
504682
-650785
916726
389762
-343930
-731306
-354403
-246493
-395559
-54331
555897
138364
733743
329086
-427330
-208348
-971623
615264
119132
386398
87405
-605850
602010
-97918
-231887
-361716
-824015
-924319
-970534
-415127
-502156
371154
845358
719305
-904785
173844
-360331
46313
974085
-78554
-380569
-300541
-243310
211452
511217
808418
301223
-974741
260365
676843
-141930
-455032
-552964
-424632
627205
230565
-409618
-533320
-791464
758519
-245598
228920
-318437
-557349
-152232
-358734
422711
518099
-260807
-976918
-630291
-771552
402654
54014
-679150
-678556
172171
997215
-64233
476005
745582
-163027
172651
-278481
982945
-727237
-665219
-286505
280956
-838006
198321
823320
157006
594764
665738
-775854
-250385
-597557
-825526
607428
-866897
2185
-310955
302563
-812989
977739
-410723
472155
693963
-766337
224258
-521391
-726964
-979034
-97627
335230
198951
320657
548237
-363695
142010
-204704
-372684
880944
674597
857442
-731537
494579
289375
-473519
777364
767583
120445
646168
545491
-391515
-792836
847802
-203070
-499124
-384112
74987
-800911
-969024
-609074
715466
495159
232705
-202103
708477
258088
955434
-225524
-978707
787245
503652
611286
249112
627091
710095
973412
-480963
-369062
-538812
38994
328102
-474892
428711
-873620
70118
659998
-83912
-310518
-598742
661900
-57343
427586
-161529
-124673
-495811
400821
-699330
-492646
716903
-5854
699347
-68821
-372083
205955
811284
88668
-136827
90705
113035
-242285
-70955
733750
358985
-2986
-827560
-381137
-965199
35332
-126923
292750
-284160
-656632
-39764
957805
794133
-107166
-160982
18108
-366423
-948786
881966
-297401
-812637
411616
390474
722673
-188325
-799577
-379326
-917493
-212582
881052
-45242
-220981
839943
816709
-20975
540333
254718
684675
606963
29998
-41989
958444
-173805
-547694
771231
862870
-72886
123667
-518104
431997
991805
602190
371488
496880
174429
985603
-383658
261425
-450535
-269678
437553
997968
-968217
628508
834878
189773
121091
-101986
-311323
-727773
-300722
611115
-199050
911833
467629
544772
909829
-731366
-56537
235016
840110
-454704
572794
-538905
384216
600662
730056
-694502
24081
37526
524052
194144
101219
-753568
-270565
-392134
-681912
-43363
679589
612936
358312
743781
31188
171706
-340395
-567695
874875
651378
-657
-751913
-815010
800196
563910
-308092
101834
-741470
158672
984604
202893
36856
368407
834126
170029
299229
166702
-884760
222965
714221
726849
-910187
91027
-709739
-598681
-765891
-397133
796015
650327
-885833
-8462
272401
192055
921946
819374
-219530
-906587
-390388
-632550
72498
-860276
179323
312956
224108
-828260
-629680
-212026
181472
202369
341115
-794689
997597
-118102
-269343
-274571
734315
-976315
-439550
-979786
362449
449819
191704
-488186
289500
787082
38133
-339357
494993
913629
594767
161772
-879764
51592
639677
-349947
853804
909938
777279
-242502
666141
996094
574707
-438839
-292329
515966
-392014
683074
-722817
866454
-215094
-923390
685550
426759
-114764
984833
146111
-554764
163185
845569
847422
770303
-653390
-719438
124680
-51536
-914104
525145
-534605
-733040
-459631
181373
-658688
-510754
-439196
-461526
-401697
-542112
178017
-1357
-866159
898550
-969750
-664862
626018
-598250
-225371
395316
-9577
961090
-862152
999434
-291712
-956556
-569215
499102
-920989
-250385
-605118
358503
-935580
-380823
-963680
-551372
-310132
99808
875462
-278817
-668482
-514190
220911
-621756
-557779
-216686
551901
-19625
-690860
-395345
-152648
-273598
-413622
-186850
886922
-90480
-870047
-54719
851001
-835404
214795
999917
-563202
478563
529319
499460
877790
-472010
464637
335055
206591
-294322
-961420
-350788
-507369
-150624
850368
-403785
-974285
-503291
837676
-473424
-882841
-325419
-361129
286866
568495
445854
75001
-808837
406738
696701
-284189
10943
164808
-982953
215639
493151
297754
-929754
-362091
49933
-537327
-53938
-294548
451273
218226
-47257
655570
-376889
-835610
957823
231255
463824
-379265
901881
906525
-126257
996967
-321016
45644
-137223
-16943
-859945
-843579
739097
965200
-152400
-983624
310501
70478
-4077
-675057
123180
12928
-715283
428725
368657
459398
-989790
-602385
970177
175959
-324615
829804
712255
75078
249881
-720266
984211
380001
-925314
509917
603546
53949
-145456
21107
94999
-271187
423230
625658
482737
-776627
-378034
841367
829411
-961738
93135
357458
-220387
-238912
-594183
-204242
291610
804923
583226
935113
258337
-574228
-956543
-643353
-824320
967356
488197
581755
113752
121868
-699440
-364461
-580676
-412075
607183
4977
-606224
465259
376791
-267859
267728
823201
-770619
576306
302238
-734559
95253
-862403
182240
926186
-335019
-239948
160300
147091
-114819
419672
481666
569044
468158
-7683
-638869
-470155
997319
-53931
202322
-177806
238050
-936084
702644
922105
275287
-904845
-906726
-461686
73520
-73481
320780
601480
-696024
-128210
37865
481368
-574096
-750500
448338
-188455
222416
987039
358852
593173
-820353
579928
253999
359119
-55002
-193574
-979276
-969156
-387860
-905839
-812134
-110200
-586380
907493
576322
440218
-712480
-516799
-455402
197773
-240098
-191079
401850
-570296
-312464
-360203
387200
441030
-568181
-426451
-957666
-672687
285839
-377070
-404520
704967
-482589
406961
196162
707906
353479
93495
969156
-325916
646779
-104398
-213082
-547415
465731
994361
169664
182222
910526
-451535
-147249
297326
-173035
-564102
239663
339286
-462908
-446439
-925942
577479
-471254
605781
46257
353186
-82260
-111851
-779310
-392814
436374
-886042
209004
-107751
626092
919040
-533492
823963
266764
-644278
-995681
926352
-957450
-74333
-585193
823674
-694237
-672194
-684972
-865913
381759
-418825
-751663
-568538
937807
75761
828955
-879365
-519308
783724
-297068
210484
956724
392897
617863
-461941
810040
82649
-118575
218308
-807638
711020
-627222
-459751
438619
616955
-778492
-263574
434530
321392
478988
375291
-241424
279152
6587
615837
-756343
59977
-759329
-724959
-138876
736708
765194
240296
-769386
-627113
821081
201117
-372948
-772348
60543
787720
107016
-616007
949516
174137
-653202
740413
-273311
-806860
-993119
884292
-588903
-303709
-395887
337860
690520
602156
728837
-985139
-579103
965764
170981
-97370
27123
-110460
-588803
-204846
318721
-607811
348691
-622258
214983
722009
-629010
-256830
-647166
-93031
-42127
539564
-705378
196992
-578944
-923409
165233
-737344
671152
-214546
208530
-534016
688326
-390028
-560256
-72913
629407
-532867
-774144
-789049
329635
728668
813181
534024
-164261
-92500
-557439
-333579
-312725
-381091
-411447
-664880
-280320
657477
744716
-377407
-821511
-915007
-795777
-358612
759099
-689094
796812
771423
620671
-159119
510609
680478
550005
692985
909186
498344
-693882
821294
-662285
830509
780761
214248
574601
807535
-544533
-532662
872445
-531787
305872
-396247
-814162
-265167
451967
-410099
329024
-13556
863110
85162
842641
-261418
479627
649535
731327
-359954
-164144
-382262
-8796
-820468
-336811
-94026
-132119
-596594
-986017
127125
-15982
-193461
-45381
-869326
-54740
124559
-106854
-371836
346853
-984723
473506
438114
-270840
-485387
-941403
547835
-339907
616654
367542
950701
994999
-634395
725346
-264549
791490
-560480
748072
270260
-610052
165425
203732
236546
-864479
-352266
383358
-328374
-469640
-613121
-46772
-523778
639472
260304
254500
-348183
-285452
263576
-779873
-787076
321939
849227
147276
963520
667889
726570
144121
-998036
840663
369216
-385113
-994451
238477
-550503
299601
33741
224063
-959911
575556
659792
-446763
-27651
109271
368565
-431041
-765991
-70987
352339
997568
698831
852325
112764
-967820
450489
447211
719987
960659
511993
180326
498783
834717
357616
964639
-160477
-945901
-200207
-298607
-220904
856080
-432127
820647
43976
-408223
-951281
248258
-757429
582172
769235
-349667
-974873
525206
-581586
-209976
-601799
953607
523380
-840122
8213
906433
-69930
-89869
-453624
971279
154567
996738
-420677
-667122
335485
359155
695373
881398
806953
-837253
-192322
848198
891342
-897661
915941
-404890
-795182
338812
748613
78451
-181939
675794
904618
774581
278044
272215
-324806
-945302
-429910
-511353
581090
-791891
-646994
-131420
-557322
603571
649536
-478769
353823
-249213
-658488
-615783
-338000
-846194
-698796
738917
756258
680693
-643682
470284
960769
449824
-110376
971655
-118708
407301
-896254
-946797
970304
328956
-168599
-47289
-834855
730200
-494974
479223
565754
-463244
799207
-265753
-768919
-877848
-126338
83871
307630
-524342
-980476
-101128
-765933
688058
-259265
-358851
-114169
609940
524769
-532651
-891260
-853717
873291
531005
-774074
-325059
-616681
-39447
-349846
-587112
-880183
-206335
59686
-8175
-945775
-136103
-395233
900667
644688
927255
375547
570594
71262
642959
-840957
-331239
863144
344020
-407120
-655084
792870
-204872
529606
905534
30070
-424291
54062
-359683
259965
-1219
-195013
787137
-555837
-94354
353072
-276777
71198
117858
826792
802253
86268
190418
558777
463921
97262
-518926
67880
231589
-733104
-107481
-970211
734361
576941
-647056
-809834
792701
-709177
-375580
762841
-673572
-343458
-956201
-569585
-665169
715066
-501496
-617367
-478731
364162
-724760
269749
649121
-174017
552934
742385
-612555
118849
-41087
-286976
693052
-767137
-119801
-121797
-247221
-590244
383917
-183088
-267224
-221213
-216125
929344
-96342
-358216
-927242
187644
290241
667115
-593951
634861
-201092
889850
-537003
-873298
-345075
490724
-893837
112165
120472
90790
145307
-499331
-417169
-825111
-195010
-39457
-414261
-850906
766555
928894
375313
-835319
556709
822751
21677
-769833
263539
-486893
871542
-362559
-173922
960666
-419917
411628
144159
857737
150615
707661
567115
-166242
162490
-361423
917037
-285946
-916012
-247597
-672006
-620797
714331
743110
-819289
-35887
-9520
-865695
36412
684594
403451
288314
478339
-578068
-839236
375072
-754530
-922671
-43320
-385830
-432625
-607343
679787
-952472
242032
113442
588279
424703
-153718
-437284
-926589
-449104
-96401
-304780
-838915
-424976
-768097
603608
-145215
-550698
640207
197270
85338
-404757
963029
-900223
531009
154342
-880760
771333
-156623
-722420
-880597
551448
57589
-631512
661732
728549
948802
-339929
286595
-858696
224316
568421
696019
-610535
-22779
-392639
-263520
234267
101547
922910
-120449
679875
-316743
-85111
-630432
744142
735438
-197189
942581
-358813
-295897
-764866
-687514
-907102
432976
867086
65407
541385
-613251
518665
-934866
-78923
-989314
314646
244341
860671
-228012
57045
-943380
-493280
-207743
-839893
-90510
-201121
-898204
23140
569709
202868
340264
-594576
-254081
684646
-679475
-204325
-78079
-238490
-616380
-900061
-666337
-503134
-522446
-683771
975480
-559059
870464
651046
908372
-278717
329267
-353116
736502
582469
179946
-591600
238864
-657404
-281865
915500
610246
289513
8765
-104222
-559943
470322
-875558
60645
-280152
690821
879921
-146512
448695
566844
941750
207470
195793
552208
-475605
157905
859181
918559
566883
-150423
701780
431527
101642
271771
-398506
107546
-817827
448865
474772
-449527
245272
751971
-825790
-353095
-808472
543140
-664579
-484640
-650400
213525
-8809
204739
-492512
753812
-827868
-108477
-165526
529241
-892696
517536
506231
-668759
-608523
425252
-824117
934746
-988976
-324288
303023
-694607
860300
737681
-105949
-738439
-746683
-462376
795233
63101
-304377
373886
-664035
631803
-310467
132605
-698336
-777997
629417
-656565
-721456
-67087
258140
-532736
-700129
-881295
925851
335599
138887
816698
543810
119637
-642172
132685
53674
-59566
-264796
-784447
-400324
499961
-504068
-636219
65375
-725848
885262
23274
61489
-207091
-508566
-667281
985190
-326946
877231
810509
-78565
979989
955465
-302923
-160555
469595
681673
-648893
447009
48320
592185
-595488
429792
-659381
438315
794301
819590
193156
137602
589912
-37842
421686
654994
606821
395861
963752
-603187
866064
-516713
-435699
359511
-879341
181703
556037
355231
-804821
338326
604873
167572
321253
-401508
-285290
-146324
-922639
141676
116429
9849
-870408
152054
-281124
103514
600081
298257
210108
36011
-360794
322499
413364
-431228
-722892
-585933
808561
590880
-430767
-572546
29656
517634
-665635
-70643
883999
717597
-996234
666868
850596
-569853
697688
738483
-870590
-180575
24801
-513920
751
468905
3253
-394460
707744
-664140
-524085
-15424
-559073
-768313
765060
742586
480241
-922143
547544
-491096
-870386
-255620
-196756
90196
-742636
156361
710265
181358
-920019
-488634
537490
449871
-512302
-656192
520813
609878
-346621
279621
441212
-72452
-918394
-185982
595053
205257
110325
996721
467368
632115
-990483
21019
719355
977495
-560201
-993675
-95789
-645505
538854
-996433
-215412
770328
521474
-678824
-851485
408664
-864040
309624
751697
649527
-226947
523284
-808571
-289794
-498972
-273462
-34841
-9288
-125254
357105
245864
-364343
11134
-946662
113254
771197
137082
452195
-464571
635905
752579
876830
371644
383227
434745
333437
595645
-142366
-412234
482455
-445988
594734
-55391
501478
687105
-339012
483543
-511128
754015
-403034
-196560
-467602
473946
674466
-308570
-928596
-596194
460228
-135319
534118
-366890
485916
-149108
-655610
-343593
-125889
-643320
153677
-86447
-820002
-37711
-473658
712994
-919123
41035
-734542
570643
550525
-309751
138855
391318
602362
893702
-381919
754935
-894580
465516
-381635
969074
996466
216614
-957908
-480634
-714968
91698
-197701
-703068
422785
972932
-476578
855972
429371
-132251
-961878
-882112
52349
262432
683764
886970
361450
96368
-78536
-208269
-504793
425200
-280894
356701
113915
484905
497754
27640
578595
176648
914384
695955
751909
-766629
336884
699168
-388460
492920
354818
-426939
158068
692837
-115642
899813
-14966
95604
258998
486250
29979
444239
601702
369776
-503418
-24360
-784969
-280197
376030
-120548
472037
439111
773504
-96131
118705
997694
-76111
62793
295065
-351559
464695
44868
295239
-167864
383794
-597325
-854852
-545826
386041
-123653
425494
-46268
-411591
742329
-886945
460397
-417092
-975132
558151
-862690
-864206
-714292
230953
167507
818689
439230
819255
-600924
208891
268590
-565485
212599
-833296
-157030
780222
841766
168331
682978
-738821
-23955
-336917
-593903
498393
-445730
974861
-548067
345275
629800
-674645
673965
-832426
60445
-614452
-866886
927795
978415
-246669
-891543
-26615
842727
-212007
-578706
-98401
461664
559772
-797708
899346
-535182
-437706
-489056
-341218
-570975
-989845
-578652
-411156
-300178
-275569
445717
-869389
-177140
830234
-80775
262940
-265313
-28346
459523
-999815
-826301
-416266
876038
992516
-165362
790397
-893704
-899220
-91515
464828
-846698
88064
86438
-465069
-778820
-673233
523150
486472
625191
10497
992538
220882
153296
283369
-379165
235483
-860535
197990
-5475
627513
-597197
459669
-851294
395507
861551
-750369
203875
-282698
-916724
578626
-1293
-241121
-604449
-471821
203396
374363
-752672
479141
-677853
-935344
-273075
-392754
950685
-248872
-167438
376993
-171234
971614
-568911
351301
-641732
138853
-55340
-832594
-855087
-741972
986305
461333
297918
-781378
-228850
115355
475563
806902
870027
-466578
-465726
349360
521646
-40321
681883
137430
330047
-718787
-319992
-92225
-189838
-87704
109836
612117
21964
865752
-120226
47368
670197
-740314
-574758
-890124
536963
-869498
621489
-751640
-709762
198123
-14609
-639231
769073
-447603
130024
-324239
-436585
610478
39939
313234
-384955
972533
-183952
-20993
674717
281678
891637
36306
-210829
651045
624072
591166
275248
279781
366040
-232482
-807808
212852
993625
265082
155510
115203
141285
660588
-771236
-32554
305722
25168
683912
-674791
84364
919421
37112
-598352
564844
-629787
-768499
-84357
138415
-105669
419850
-459797
529414
992229
-992382
512431
-810776
352359
-845618
-381111
-201793
533086
-929053
-926236
-509195
680325
430137
-645584
113345
959272
-359633
670509
155141
960315
202052
-667828
227904
-897692
-496031
804390
706396
-691927
579025
839031
126599
993598
-145409
-978922
641128
-744654
-791576
250898
48289
631361
336407
139273
-211425
-330646
213715
734848
601056
336701
981654
916404
-73324
-743422
-345418
-76730
630046
-938904
-529409
-79899
-994594
-117093
-865343
-974297
-884720
-663140
574381
-925483
900054
835417
144559
339819
-945646
-350060
986302
138922
-808535
-51616
209564
-524742
475963
-23012
-72782
763524
-696794
-829114
-985282
278626
275727
526387
-352493
357208
978404
-780693
-252252
758381
-320356
387632
637590
-272353
144453
-283807
600053
-699652
914438
-260199
873273
-275843
965115
-117256
-363011
599374
-139179
-767165
108486
974385
-804330
-325437
-369190
-828810
46205
-268694
-654753
714889
603668
742688
982107
-663868
-13872
-220723
-850730
-653796
330150
-669983
-825137
785807
103627
224498
911076
768870
-981143
-575767
-2937
-932189
-82261
408473
142785
-409369
-574718
-35063
309364
541491
-373683
-888321
153617
-507195
-262617
-889675
89017
-928114
-245363
-137259
862641
-401184
655083
408712
625010
-229463
542108
-368167
985242
-525165
-235226
-935162
-80467
754607
-572902
-823751
411362
-584031
-6492
-635712
197002
-17309
696939
183841
950543
671598
-310790
-491411
323700
-8995
614520
-683177
367692
334053
785255
627181
-151804
345415
-504132
-929084
-882874
752038
573491
185506
357908
-285603
144712
698007
-554465
-104371
-767564
510773
339762
-432118
458746
-618531
599591
637726
107925
-244023
-235497
-59101
482530
-363577
756564
-338888
-654551
-58311
-904612
968460
195988
546543
618990
431336
390547
951728
-695362
-497021
570145
215147
-879173
246875
-378718
-2437
972791
-985731
-101727
-952797
797838
445045
-805369
594270
463784
654790
782817
-564540
-208712
656857
4480
312395
566092
231073
56208
213871
-361684
570747
243827
365397
84124
135884
-768526
535706
-14088
591640
-761126
-188248
107096
-253897
181638
694201
-305032
351732
-490094
233341
-891666
-84720
702377
-356900
-357263
149354
-757434
918284
878961
-428665
-941977
-350657
947740
362552
171814
-380549
705467
-389311
282226
-299432
-333363
-447642
343750
4183
814194
-830532
472473
-249155
-117736
-72607
-350081
311873
-871039
-384316
-374020
788539
928459
-950016
-83506
850800
-795087
-29309
-978076
100708
-8988
-933748
366826
537313
-804983
731546
596269
-207306
-68537
718089
-28698
-608266
-858714
-1476
-850672
237005
-450560
936602
424663
635332
-627964
97009
921000
144304
277464
-469102
-675079
-487371
-999244
547280
579315
-270815
158403
-328811
-762668
-894181
-392352
728112
873446
-427432
708921
-130126
-123777
795838
-512961
-230645
-429690
631367
793354
74138
455508
-267012
-572306
931156
-28205
316372
-424544
51814
210994
-773228
-887934
-287593
577869
-381422
124702
-642897
825002
-202288
740016
993422
12611
-24920
92407
-944792
-69153
-24297
81983
45563
-227274
56626
-749317
-672268
-113031
-574398
-700175
444729
298946
313645
-827929
-769413
455556
-687329
-579539
362138
-624780
630118
866281
56961
102213
-988107
626271
384880
177658
-173852
471851
903457
-205918
-877840
-206460
-823954
-608675
717840
-744728
561918
-805783
442907
-241062
692006
-30144
-212978
-409669
312268
197486
-615857
789821
-411364
-87508
-473504
-606697
728421
971182
741383
-190575
-919686
776374
657388
37457
68409
-47237
686924
-392746
-133090
-692531
-964315
426411
-373430
505103
-32227
-860463
-858344
852188
-537882
-609997
-830227
-438402
-177270
-841207
-310470
-918667
-468925
-247067
141238
-429275
661217
-890958
-103032
-771147
352102
275582
802389
-607431
132179
-237193
532636
-470528
-440526
211647
-226837
-673175
585483
375112
97663
-793855
-110977
938882
237176
-93066
-537992
-7069
600342
-547559
216759
-93983
-400640
266428
265528
754329
-201440
219455
-66801
549919
216219
-415863
333789
62601
444666
703571
-581313
-466842
-952467
-560520
-689259
229405
662140
696982
513618
246479
-19921
40876
-857868
-476138
403043
-755276
900483
-427202
-229638
112218
292039
732215
-620112
322319
-103721
-726952
-959399
836684
301788
642397
-791179
-854193
-755864
179339
356516
-102768
964278
-791104
956593
140225
-585379
678794
875400
-320568
-248073
142592
-914894
748143
650736
106866
327541
-545317
-608985
-957227
836796
150986
519949
-144653
344030
895890
661252
-830479
776250
308421
-927076
978846
-936287
-900294
158429
-30524
31989
155416
-472653
-636201
134676
860804
810197
202508
42296
401242
-33942
357902
-150743
-825749
486889
973882
758174
-788951
-378119
-256432
-576643
-127532
15210
-476878
-449565
138313
-113466
254255
526110
-553027
-584600
879162
759907
-309074
187665
-225859
-643025
215221
623356
-385006
-313468
-997911
-822356
-334734
187172
627897
159377
-834671
-387819
654087
-199669
87441
-780709
998477
899209
400489
-300501
574070
-827091
83607
197536
162316
-458348
124295
133445
-848128
150646
-115253
-216672
790813
119796
-744145
-702385
-192675
446189
650242
636153
648203
23898
-250527
-431559
946732
103682
-279518
547600
635196
-991730
449187
-290699
-955528
130070
-918177
576074
850659
-709139
-250033
528838
284905
702498
383100
-774712
-831986
-159621
-62229
-700526
150565
893411
1806
205056
-997495
-204619
354748
-974013
-116837
-806108
-757697
-320275
414093
207403
-364459
896196
-407394
-541901
-507294
-911880
-610642
-218008
-524345
-119513
-387473
410487
-814460
-380327
-978903
496340
-345424
73265
-990559
385966
-468437
447204
949498
8577
-932083
-787689
594925
-228330
542951
252486
-327697
-644293
969011
391426
-17917
-747232
-372440
-102434
-988469
664046
142411
-8459
865389
95362
354708
210136
473491
441361
-641448
954071
-269040
-570284
-239012
-84052
976858
-32397
842443
981241
-576667
-896692
-831198
-284798
81750
-883221
-291583
-633496
758562
908125
56835
-876179
-506640
-577206
-574563
597328
-340233
-746021
-973409
-304569
-309035
-572402
-971186
-851273
825871
-272340
-754638
161708
200177
709517
827233
-722679
-553984
371624
-430244
553894
-389863
-336417
-570726
-23824
-702670
712206
-161734
-904878
-770904
362447
563822
-521924
215271
-42725
223329
389388
24654
-382686
814819
-976808
-895957
523469
-862653
-847358
-187765
-143238
-730207
-347750
-352687
-663051
-979170
261536
-921987
910277
-510898
210189
426979
651268
989376
-817168
-225982
-761868
591027
-395568
593961
-692093
-336700
683179
-892075
-408457
-633943
32593
694006
-675166
-190368
-714188
-674281
205821
-328775
281013
717252
650271
-361598
-276223
325443
-235917
-381409
593951
665298
124062
106879
34446
930857
-802377
-312523
168863
653587
671113
190376
-875056
413234
417473
-644200
699937
726962
867976
652580
748434
-996998
689205
797701
-735841
-868888
76128
-466109
77133
-693429
116080
321702
-184777
-994216
837267
539030
47318
89455
796386
891972
420852
-935958
820020
750952
-911318
983132
-157764
-642863
701869
72375
371829
225483
-68792
-252521
-71890
989730
-903544
-221091
926138
206522
-577075
476159
655796
-910445
757974
978715
-375184
146035
38036
504416
-176579
107281
327622
930765
-20355
-734469
308983
806570
-667244
-235661
-887518
706622
-548865
-482510
555576
20138
-342396
-82318
-630449
-448587
210259
-600217
-936878
876363
737663
588233
633545
-319725
-449992
900349
-663027
-211383
751973
-559842
373342
305025
-950587
-965311
-654749
-845218
-330723
-81944
-240183
-471724
604395
643115
-549141
-161381
731911
-290802
-462147
-807467
297940
132921
6436
286080
163780
-101692
714656
272039
745898
592846
776299
782378
-129570
-628295
50143
-82165
645556
-869408
349972
805379
364202
-873697
78484
-378387
315055
29863
996319
390565
-401711
946168
-324258
-216154
-217737
-737215
-267660
498727
-864475
355982
189584
-445869
708916
-168836
-22511
-956578
-993640
-166199
-994650
-776965
-759410
-231022
-769490
-344441
313800
-92463
-585084
-783473
-200695
368222
-224870
670281
-395225
-534137
297451
116283
-569376
-943220
515494
591955
-395276
-663018
75661
-743768
163788
-682700
179015
847456
416389
-625240
-353105
5759
-491233
526153
-74820
-103130
-569303
-526494
676556
-475856
536823
-119600
-714236
-921893
-647326
282773
734124
-410129
344716
724059
415582
449632
742376
219779
667113
647784
-16305
38753
-30288
-946547
-977957
-900612
458115
-246131
-327319
-396561
-140682
12645
149045
-196157
350896
67405
-471485
805728
-115259
-521256
-56898
-278066
138229
125226
-347728
-297751
314201
994389
-186250
-548849
-765014
800636
943907
-138570
-678301
-552184
-614527
-345726
954574
-370414
-616413
-527733
-508664
-502999
-791120
272219
-160396
-101540
-832330
-732582
169971
261286
351372
248630
395440
949600
316203
924358
659211
-589371
696932
65943
14427
-712013
147145
-46540
-342075
363986
508801
-589311
654636
939071
-453593
-947277
256918
-269755
-590542
-299937
626575
-89072
429997
588598
-847124
7074
552450
-326911
-833300
-20806
-415763
-899635
-584212
-906259
707452
116364
302421
490830
-936722
815910
420123
171830
-571762
840282
-176534
748559
658719
987027
933196
-238523
507039
-760948
378319
-933529
-533401
353865
467364
129326
-677481
29900
-313356
210141
659682
936276
109559
222384
298678
688944
734837
-444221
775012
597302
790312
608670
745303
607266
-852625
-136075
-767016
675205
-833515
-10645
-927094
474529
-981549
211005
-415332
226761
-110762
554740
-794975
641583
623380
991659
-305916
-565101
439890
-774681
510101
740142
534752
111076
447308
518882
480298
542607
503941
491880
-266076
-502685
942134
-109507
-51720
-591430
554409
-520105
-996839
-776189
524257
-750862
212989
-442118
-112259
-367135
-186400
242814
210098
904587
-667588
565802
-801909
-703490
487316
-710677
-468743
770704
-214781
-514874
324276
-821721
704763
613483
-241218
-310289
11950
173150
-32454
-92078
611328
313240
756373
559247
310488
276328
-952914
345595
944201
373621
-890482
-231073
910237
199850
-87943
-8797
-723881
-343296
455830
-846361
637521
-892710
-462732
452040
303443
-857053
795527
-947530
-432242
-843975
-923820
548609
-844548
-610799
-333673
897194
574600
-610718
-824310
294216
368802
-711499
565803
550395
314748
513711
539090
-665486
-967030
-450954
-637685
344800
9750
-667498
-743578
304771
281149
-522320
-921841
-431034
-297593
-374807
930552
-278934
203121
-265428
-163395
424480
974346
-839186
-956245
412761
-133492
-399484
740321
-310250
-142216
663705
-164799
-432544
-330717
701379
-881702
-81910
481461
-163516
959491
13490
-401846
358032
684920
46748
880558
56970
-576903
-151643
268925
97171
-558920
199798
-546668
-426349
-430065
-956175
108412
869502
-531504
938480
723630
-835558
736061
183456
-148164
-265985
-332101
326397
604150
-162373
825742
53212
-325698
203385
-500950
-553514
-491818
-258571
238767
368586
-943623
34206
-681664
-99064
-198987
93377
-134313
844155
-94204
-211286
117803
65268
58690
-411176
-434925
685735
579198
-286055
-986252
-340379
742900
19007
714150
928909
-887585
186941
181010
350466
253433
933040
291674
-982065
-42353
949635
717982
-445011
312200
-850787
-999624
-619161
-576685
-962345
645232
-249207
-160355
572830
-266911
293042
735390
-674429
538175
42881
-468042
590807
132861
853287
299034
781548
-871345
167158
732230
-773131
-726766
868103
-252755
-824598
218488
492022
-902939
305340
870217
403619
120984
150448
316110
-327246
-168833
492996
834369
633910
781528
-770543
204528
-3462
1558
247017
-733779
-585000
806172
-853483
-417347
788778
854543
-27961
-613574
-673965
-163568
-57155
-816690
400182
387907
909703
-24631
-359627
-691077
-275831
-963429
286951
986294
905474
49467
95682
673543
-987702
-31625
964229
75516
-618424
-540284
336971
-432451
248053
-760773
112088
-837827
-133151
-476709
-656051
-594144
349539
-365960
773841
962117
245400
-337299
537016
482088
932592
-204742
153942
-324449
550907
-777904
577877
-861302
140499
787162
-48215
-471110
850086
20983
163215
-650059
-697876
-335927
-507396
285420
429306
782843
406258
-578174
-65596
767197
805522
-44601
563815
501399
-977194
-50556
-80240
401939
998291
-290034
673861
161955
984703
792603
297092
31998
-838988
-46846
-946758
-376185
438309
455885
-152063
643484
-925381
-462123
-165780
961843
-93297
-154127
189781
50198
-160597
765105
-80591
-393861
-852172
-95825
-289211
12797
144959
592879
728312
332478
729689
418779
272544
627711
680954
-517009
394429
-955973
579422
-766460
460899
-384393
-790059
761751
-706414
716625
-364914
-911102
8610
510214
135261
-827257
